Matrice
18 16 2 18 14 0 11 6 4 3 6 6 13 2 4 11 2 15 12 16 13 15 19 10 16 18 8 4 6 14 2 17 2 4 7 9 17 18 15 1 14 1 8 19 15 4 10 9 19 15 6 12 2 5 14 19 3 14 15 2 8 17 11 3 13 18 12 10 17 19 4 3 13 4 2 8 0 4 18 11 19 4 3 2 1 9 1 16 4 8 18 4 17 9 7 10 0 11 13 17 
3 9 12 16 13 14 4 5 10 14 16 10 18 11 12 11 0 5 8 4 5 18 9 2 0 8 12 0 12 17 9 15 6 1 11 11 7 15 16 17 2 12 7 0 3 11 4 4 8 12 0 5 10 1 7 2 10 12 2 14 9 11 9 16 12 0 7 11 7 4 9 9 8 8 2 12 12 6 16 12 10 8 18 12 10 5 15 12 17 17 6 19 9 15 15 13 7 14 17 6 
18 6 8 7 6 10 11 10 8 19 3 10 7 1 2 17 18 9 1 8 7 7 7 8 2 14 13 1 8 10 8 19 8 16 18 7 18 1 17 18 0 12 0 7 13 2 17 4 12 18 4 11 18 3 11 12 17 4 14 17 15 2 8 15 10 6 2 0 7 0 18 19 12 10 19 18 12 16 14 16 6 18 19 16 1 10 9 10 7 3 7 2 17 16 17 19 14 12 19 14 
12 9 13 16 19 12 14 3 0 0 12 19 18 11 15 11 14 4 1 1 19 1 15 16 17 12 15 3 16 6 17 8 15 11 17 6 15 11 10 16 4 2 15 2 5 2 14 19 7 7 0 6 8 15 15 17 0 10 1 16 9 10 17 4 13 14 3 9 17 13 17 1 7 4 4 12 6 10 12 5 9 4 12 18 0 19 7 12 1 0 0 10 11 17 15 4 11 18 5 1 
3 2 2 10 6 18 14 5 0 18 10 10 3 14 0 15 13 19 19 15 0 19 5 11 17 12 7 0 2 13 1 5 7 4 7 6 14 14 11 15 12 1 17 15 8 17 2 1 16 1 16 8 1 14 19 10 6 19 10 1 4 4 18 11 0 6 9 14 0 0 9 4 14 18 0 2 15 14 15 4 16 12 12 9 18 4 19 16 3 1 17 19 17 16 10 17 14 0 12 6 
12 13 10 18 12 2 0 19 17 8 15 5 12 0 14 10 4 5 6 19 18 4 18 16 0 0 13 14 12 17 0 17 11 2 15 15 5 8 6 2 16 2 19 8 2 13 18 18 10 16 17 8 0 7 4 12 19 10 18 12 7 10 9 10 13 16 17 18 4 4 12 12 6 11 0 0 16 10 18 18 7 7 18 7 6 15 12 5 5 10 9 4 1 10 15 14 7 12 4 3 
8 16 16 14 19 8 14 7 19 4 5 18 3 3 17 9 18 9 15 15 0 16 0 13 7 7 7 6 11 11 9 0 19 17 14 10 18 1 17 17 17 14 7 1 17 4 10 8 6 17 3 18 14 3 11 13 2 10 19 14 13 0 14 12 18 8 2 8 1 11 5 11 5 4 12 14 0 14 2 6 4 6 4 18 1 7 3 4 17 14 18 10 14 12 14 4 12 8 12 6 
19 9 17 16 13 1 11 6 15 13 12 19 11 9 9 5 8 12 9 6 6 19 8 13 3 3 17 7 3 2 5 3 3 2 19 17 3 2 15 11 16 19 10 19 0 0 4 9 4 5 7 3 16 15 8 19 10 17 19 6 19 4 9 3 19 0 12 14 3 7 5 11 6 16 10 7 8 7 8 4 12 15 19 9 2 7 0 5 5 11 11 4 16 12 19 7 4 11 1 7 
10 7 10 9 15 13 16 15 0 16 19 12 11 19 13 5 6 6 10 3 17 13 8 5 5 19 12 10 11 14 9 13 13 12 2 8 5 10 3 5 6 14 9 9 13 3 15 12 9 17 15 18 11 15 4 8 7 16 18 18 2 0 3 15 12 6 15 17 8 18 14 15 13 3 16 18 6 11 2 7 1 10 18 12 17 2 12 4 10 3 14 13 3 18 0 15 16 16 4 4 
6 18 11 19 1 8 10 0 11 12 19 12 2 17 16 0 11 1 16 2 4 11 7 7 9 7 14 17 15 18 1 2 8 13 13 1 13 15 1 16 8 13 1 2 10 9 14 14 10 11 16 14 2 15 1 3 2 7 0 10 5 13 4 5 18 17 7 11 13 8 8 13 13 9 7 16 18 2 10 9 5 6 15 19 1 17 14 15 16 6 17 14 19 1 19 18 19 6 1 4 
7 9 9 0 10 16 16 1 10 18 2 15 4 17 6 17 6 0 5 3 6 2 17 6 4 16 16 15 15 17 11 14 19 12 14 9 8 3 2 19 13 4 6 18 14 5 7 0 5 4 15 4 19 12 2 15 1 18 10 8 15 13 2 6 5 8 8 5 3 10 16 17 7 15 7 1 0 6 13 5 11 9 1 10 13 3 5 6 13 7 14 1 12 16 7 9 17 15 14 0 
6 11 17 5 6 16 6 6 3 11 3 14 0 17 16 6 0 13 4 14 0 19 7 4 7 14 13 4 10 7 17 8 10 6 13 8 3 11 6 6 2 10 12 15 19 0 13 11 13 17 17 5 8 4 9 16 19 2 12 1 1 1 1 12 8 6 0 3 17 7 1 11 9 5 18 8 5 3 19 18 13 17 3 1 1 4 9 12 6 14 13 7 15 6 11 15 12 12 18 1 
19 19 5 0 4 15 8 1 19 19 19 12 8 14 13 2 18 15 14 16 9 0 16 4 6 7 0 11 19 10 12 10 10 17 10 6 5 10 8 4 10 19 16 18 6 1 0 16 16 7 5 5 7 1 2 5 8 2 16 0 12 1 10 14 10 13 13 15 3 13 19 5 12 7 4 10 1 16 19 9 15 4 7 2 5 9 0 5 3 16 17 7 9 0 2 0 13 7 15 8 
0 15 14 4 14 10 15 15 6 6 17 2 10 4 16 7 13 16 4 16 5 2 15 14 2 17 6 7 16 2 15 16 9 1 1 3 11 8 11 10 14 8 4 4 12 12 3 17 1 7 5 6 9 0 12 3 10 19 2 6 13 18 3 2 19 16 17 3 4 8 13 18 8 17 14 12 9 17 1 10 16 6 8 6 19 13 1 9 4 4 7 17 14 2 19 5 18 8 8 14 
9 1 12 17 10 18 2 0 7 3 2 4 2 11 2 1 4 3 2 0 19 9 17 13 4 8 11 2 16 19 17 5 1 1 15 11 0 9 3 19 4 6 3 6 9 5 19 5 1 13 5 0 15 2 6 19 2 17 1 18 8 10 16 9 12 3 13 4 4 8 3 8 14 19 7 15 16 18 0 17 12 5 10 7 19 8 18 1 17 19 12 5 2 0 7 6 15 12 10 19 
0 5 19 15 16 18 10 13 17 3 10 1 8 0 0 8 0 18 1 17 9 13 3 3 5 2 9 0 14 19 11 14 17 11 1 13 9 4 6 18 7 17 11 15 9 3 15 2 1 9 19 3 14 14 6 0 16 16 0 2 7 12 17 4 15 18 10 16 2 16 15 1 5 18 17 7 2 4 9 15 13 0 18 8 15 17 0 3 5 0 6 12 4 15 9 19 5 19 16 0 
7 3 1 5 1 10 4 3 15 13 19 0 5 9 0 0 6 0 16 11 13 14 16 9 1 5 9 6 16 17 6 15 0 0 0 13 10 4 17 5 9 8 18 15 17 18 7 16 11 15 19 16 1 15 5 2 12 6 9 0 3 7 16 3 7 8 17 18 5 6 15 6 6 13 1 15 4 1 11 7 8 3 3 10 10 0 12 3 7 13 15 10 13 3 6 12 12 15 2 9 
13 18 15 19 3 9 14 19 2 18 6 10 1 1 0 11 2 5 6 1 18 2 11 11 5 17 16 9 12 18 10 17 16 6 16 12 7 11 11 1 1 10 11 2 3 4 5 17 9 12 18 7 6 10 11 11 19 7 13 4 5 3 1 14 1 10 18 0 1 1 1 14 3 13 16 7 9 13 4 18 5 15 17 11 17 8 15 16 7 0 12 5 15 6 11 9 16 9 9 17 
10 11 3 14 16 19 13 5 12 9 15 10 4 12 13 13 13 0 10 0 12 14 17 8 0 8 17 16 9 6 5 12 9 8 18 17 19 11 14 4 12 9 6 17 2 19 2 15 12 4 7 4 19 5 12 19 5 9 8 15 8 13 19 9 14 17 7 13 0 1 9 12 3 15 1 17 7 4 12 19 8 11 3 7 16 16 19 14 17 19 1 17 12 0 7 18 17 6 4 17 
19 13 1 2 1 3 19 8 7 3 7 15 15 10 15 3 18 6 17 8 5 18 5 9 18 4 8 7 10 12 16 10 17 18 4 18 13 4 6 0 19 5 7 14 8 14 18 6 0 15 6 5 6 4 7 4 0 15 4 11 19 0 13 8 10 9 19 3 13 17 15 13 3 3 19 11 17 17 9 10 5 8 7 11 12 14 7 12 1 11 15 12 4 0 1 6 10 0 10 15 
17 17 0 12 0 0 15 10 9 5 12 14 13 19 17 17 6 5 9 7 8 17 0 4 17 13 3 7 5 13 3 14 2 3 7 15 15 2 5 5 19 17 11 12 8 9 9 14 6 11 2 6 8 14 11 17 7 14 5 12 19 0 6 1 15 5 16 11 8 13 8 7 2 19 12 3 0 13 17 6 16 11 13 16 5 16 14 4 2 11 8 13 3 7 6 18 12 15 1 0 
8 9 0 3 1 4 6 1 17 15 0 14 7 5 10 4 1 16 9 15 7 17 8 2 4 14 1 9 9 14 1 10 16 1 5 17 5 11 10 15 6 10 9 13 7 11 10 0 0 19 15 19 8 3 2 5 10 3 6 11 9 7 13 5 9 18 14 6 1 5 1 8 7 2 13 15 14 3 15 14 14 11 5 15 6 7 12 8 2 18 12 12 5 5 17 14 16 4 13 17 
9 14 5 8 17 11 3 3 6 11 9 1 2 14 8 0 2 0 1 4 18 13 8 15 10 18 2 6 2 15 4 3 9 1 11 6 12 15 1 19 6 10 12 0 5 0 12 7 0 13 3 10 18 4 5 9 2 7 7 16 2 11 19 4 13 10 2 5 17 4 16 15 14 8 15 11 8 0 10 0 5 6 10 4 10 8 5 4 7 12 0 2 4 11 6 9 13 0 6 11 
4 3 6 11 11 14 14 12 6 5 12 11 11 15 15 1 15 12 17 2 5 9 16 1 0 2 10 13 15 8 16 19 11 15 2 15 1 17 7 7 2 11 18 5 18 6 18 5 18 15 0 3 4 16 16 16 11 18 9 6 7 18 5 18 13 0 5 6 9 4 13 3 16 11 8 6 9 6 4 8 13 4 3 9 0 0 5 11 18 6 17 5 4 15 16 9 7 1 15 16 
6 8 19 14 12 19 0 1 17 16 1 10 0 5 19 13 5 4 16 3 10 6 1 7 13 17 16 0 18 4 8 4 12 19 18 16 18 11 10 15 7 11 17 8 16 16 13 1 12 9 17 2 15 18 1 0 15 18 0 5 2 0 10 6 19 8 15 9 11 5 16 19 16 13 19 13 9 12 6 1 13 3 16 1 13 17 1 0 7 14 6 1 14 16 0 6 16 15 15 8 
0 12 7 16 5 18 1 7 10 8 0 3 3 16 4 17 6 18 17 5 12 3 7 6 19 19 4 8 14 0 16 14 4 15 2 1 13 4 0 15 4 1 10 7 9 7 4 15 5 2 13 17 17 0 15 9 19 0 17 5 12 13 11 16 0 13 9 13 9 10 0 13 11 10 1 0 17 17 8 2 11 13 19 9 13 7 18 4 7 15 1 19 0 12 7 12 5 16 17 7 
6 17 0 9 7 13 2 5 3 10 7 14 3 19 15 8 18 5 4 5 12 5 4 12 9 11 16 6 19 13 13 6 10 6 15 18 11 17 15 14 19 14 1 14 5 16 14 3 2 10 8 6 7 4 11 16 7 7 3 7 1 8 5 3 14 0 13 6 10 8 12 1 15 13 16 0 2 2 16 16 13 16 2 12 13 13 9 12 1 4 11 14 12 16 17 7 9 3 5 19 
3 17 0 18 3 8 11 5 3 7 13 16 15 15 8 8 1 9 1 14 13 12 8 18 1 17 17 10 0 2 1 16 19 13 14 14 2 17 19 5 4 4 13 12 0 13 0 1 15 13 7 0 18 15 18 19 4 15 9 17 9 10 13 9 3 19 15 17 17 15 14 13 19 19 5 11 5 18 4 0 3 11 0 1 18 11 0 15 6 1 12 16 3 17 17 19 16 4 8 13 
19 15 19 11 14 4 14 19 2 11 11 6 14 12 19 13 15 12 8 13 13 12 1 9 9 18 0 17 3 8 3 14 3 2 17 10 6 4 1 1 15 13 19 9 17 18 14 12 2 14 5 16 18 7 17 19 17 17 17 12 17 0 19 13 2 8 3 0 12 16 1 19 9 12 1 6 3 7 10 5 2 16 13 0 15 2 0 12 19 17 17 9 9 16 14 3 4 9 3 9 
5 17 0 15 1 13 13 4 1 4 10 3 0 15 15 7 18 15 19 9 4 16 18 5 4 4 8 1 13 4 2 19 1 2 6 2 16 19 19 17 3 1 12 15 16 7 2 6 15 14 16 19 2 6 17 7 11 5 0 16 9 2 15 2 16 1 17 4 13 16 13 8 9 5 16 17 5 10 4 0 4 0 11 19 18 8 18 1 6 18 18 7 0 13 10 8 7 19 13 12 
15 6 0 16 12 16 13 17 7 17 9 3 9 0 2 8 9 12 9 7 10 19 14 2 13 4 11 12 3 4 4 10 2 16 18 14 5 12 3 12 1 12 7 11 5 2 11 6 14 12 13 17 12 7 19 17 4 10 9 19 6 5 2 9 1 0 15 18 4 11 10 6 3 10 17 0 4 8 6 18 12 11 15 4 19 7 1 15 17 2 6 16 19 8 5 13 1 12 11 5 
3 14 11 19 4 8 19 0 8 18 10 1 9 18 17 0 5 19 15 14 13 2 10 13 2 7 6 3 12 17 9 15 3 12 6 7 13 6 19 1 4 10 14 5 8 12 6 5 3 13 19 16 15 2 1 18 9 19 13 13 9 2 9 12 15 15 12 8 13 11 1 9 1 8 15 1 12 13 6 15 6 6 3 14 8 5 4 9 4 17 3 5 12 4 18 19 11 10 19 5 
1 0 14 3 0 1 16 12 14 3 19 13 9 3 7 9 0 11 10 16 8 5 2 12 1 0 11 13 10 10 10 3 3 16 18 15 18 15 8 4 18 7 17 19 2 4 0 2 7 10 11 8 8 13 0 9 5 4 2 7 6 4 10 1 1 9 17 19 4 17 15 14 16 13 13 19 9 13 13 9 15 4 17 15 9 9 5 6 13 19 13 12 4 16 13 5 5 10 16 9 
7 11 3 4 16 8 15 18 13 8 7 8 5 16 4 6 5 1 13 11 0 18 3 16 14 16 13 11 19 9 0 18 13 15 14 1 15 9 19 8 10 18 17 15 14 13 13 12 14 18 15 6 9 18 15 3 6 8 15 5 10 7 16 3 15 10 4 10 0 16 19 10 14 8 17 1 13 2 13 19 1 0 5 10 18 12 5 16 1 12 14 3 12 10 6 7 0 2 9 12 
18 0 14 13 0 11 6 13 6 11 12 7 11 10 9 9 14 6 17 7 19 11 10 3 13 16 10 14 11 11 18 9 12 13 14 4 16 0 10 2 11 2 1 2 4 10 3 11 9 13 18 8 4 9 11 18 5 13 4 8 16 2 18 0 7 4 5 4 17 15 6 8 9 8 3 6 10 18 17 19 11 15 19 8 4 2 18 2 7 14 10 4 8 0 4 16 5 1 0 2 
16 18 2 18 18 17 4 9 8 13 0 11 8 12 11 5 14 9 19 2 15 1 18 4 2 2 0 19 16 12 13 12 2 15 2 1 5 6 2 13 19 14 16 0 6 8 17 1 9 16 15 5 9 13 9 11 7 1 2 3 13 15 8 15 11 10 8 8 9 10 13 0 17 9 0 3 17 9 4 7 17 19 12 7 4 13 10 12 14 13 7 19 8 15 6 11 6 15 19 7 
17 12 7 14 14 0 18 11 9 14 10 7 6 2 6 10 15 16 14 1 9 2 0 10 17 7 1 15 14 13 2 11 17 10 18 11 10 8 3 11 2 13 10 0 8 16 11 15 13 17 17 14 19 9 4 9 16 6 4 10 11 19 14 8 9 4 0 11 12 15 2 6 0 13 7 0 1 18 8 14 7 5 9 7 6 13 16 15 11 12 17 2 11 11 3 12 15 15 15 19 
10 10 6 2 15 13 3 16 3 11 11 10 8 12 17 6 17 5 1 9 10 19 3 1 10 6 6 18 1 1 9 3 11 15 6 18 8 1 15 3 4 6 14 4 10 3 10 7 1 12 16 11 11 12 4 13 18 2 3 12 16 13 15 19 8 13 18 9 6 13 4 10 11 18 6 1 14 17 0 15 1 17 18 4 1 14 17 19 17 13 3 13 6 19 12 6 4 2 7 11 
15 12 13 18 2 12 19 16 9 12 3 2 9 13 6 2 8 15 1 17 0 17 2 6 16 6 5 12 9 4 15 16 16 9 15 11 1 6 19 2 18 3 16 19 8 14 1 8 9 15 5 2 12 7 0 0 6 5 12 15 2 8 11 10 9 18 1 2 5 1 4 15 16 12 15 4 6 8 13 7 3 10 9 7 10 10 7 16 7 12 11 9 12 14 0 13 5 1 15 10 
14 11 17 10 3 4 7 9 13 12 16 8 2 6 16 12 8 15 8 15 19 11 5 3 18 5 16 3 6 3 5 13 14 2 3 17 7 10 18 12 2 7 0 17 5 8 9 13 16 10 8 7 1 13 11 11 10 19 14 9 3 11 2 17 14 5 7 13 8 17 5 2 4 17 19 9 18 1 2 14 11 11 1 4 16 4 16 7 4 2 16 7 14 18 4 0 3 3 5 3 
1 10 6 5 19 5 15 17 6 9 3 9 0 5 14 9 9 2 16 13 4 12 12 10 10 17 2 5 12 7 1 13 9 7 11 9 4 6 18 3 7 2 4 8 19 18 17 0 12 5 6 9 17 18 11 19 7 14 16 0 1 9 13 11 8 4 12 5 2 10 8 10 4 12 10 3 3 19 4 7 16 2 16 13 0 8 4 8 2 12 8 15 2 13 6 2 10 10 7 4 
1 15 6 5 0 8 1 15 19 17 2 15 19 11 0 19 19 16 19 13 9 19 8 3 5 7 5 15 17 13 11 10 0 18 8 12 18 9 19 18 18 2 13 17 5 6 8 16 2 8 9 3 19 9 6 4 16 4 19 6 9 3 16 1 13 16 14 11 17 13 9 15 7 15 4 4 1 13 0 3 13 9 7 12 19 5 9 7 1 0 5 10 3 14 12 16 10 18 8 8 
3 9 15 3 4 0 7 17 5 8 13 10 9 0 14 0 17 3 0 19 4 5 1 7 19 13 16 10 3 4 10 7 5 5 10 2 17 9 19 2 17 12 12 19 4 7 19 14 2 19 13 6 17 14 6 16 0 2 18 15 18 0 2 3 6 4 5 15 14 17 18 3 1 2 14 18 1 14 12 4 5 17 10 2 3 16 11 3 10 1 11 8 2 13 12 0 10 9 15 16 
6 5 11 0 8 6 18 9 0 10 5 17 7 16 12 10 4 3 6 15 4 17 15 6 2 7 6 12 9 14 8 7 19 0 7 19 6 5 1 18 15 6 7 14 14 19 5 11 2 3 18 19 0 13 17 14 13 16 7 2 10 7 9 1 19 9 1 17 14 14 7 2 0 15 8 7 14 5 18 9 8 16 8 0 9 17 15 14 13 14 16 15 1 18 17 13 19 10 10 5 
4 18 7 4 13 8 3 19 13 1 8 14 9 8 14 11 18 1 5 11 15 14 7 9 4 16 14 3 6 4 8 10 14 8 6 19 16 10 19 9 11 19 15 13 0 10 4 18 3 1 9 11 15 8 12 19 4 6 2 10 2 11 12 9 19 19 8 7 9 19 8 12 11 4 17 11 6 1 1 9 15 2 12 10 11 4 2 7 2 16 10 5 19 2 6 10 13 14 17 14 
6 6 19 17 10 16 0 16 10 1 17 5 3 10 7 6 14 9 14 9 6 4 6 5 18 12 8 4 18 5 18 4 11 17 13 13 14 13 1 4 6 19 1 10 1 8 16 7 18 2 16 16 18 2 13 9 14 1 13 13 19 11 9 2 9 3 16 15 8 9 19 15 0 0 17 1 0 5 1 18 8 17 6 6 12 12 7 18 13 0 11 12 12 13 7 13 8 3 8 16 
12 19 3 13 11 0 6 11 6 7 2 6 17 8 4 9 0 12 7 6 12 11 10 16 16 17 9 4 12 17 0 17 16 4 2 7 16 8 11 2 8 13 8 5 1 13 6 14 5 13 12 9 16 14 6 12 12 15 16 16 5 9 13 13 13 15 1 9 16 4 4 4 17 4 1 10 17 7 16 14 12 8 16 9 3 2 1 7 9 10 3 14 19 9 8 4 4 1 13 12 
5 9 8 2 14 9 4 3 8 1 18 1 9 6 10 4 8 3 3 17 13 19 4 4 8 12 8 4 5 14 17 10 3 17 4 17 7 8 1 15 9 11 8 11 17 18 7 17 14 11 6 19 2 10 4 10 14 4 14 19 18 3 9 2 1 5 11 0 14 4 7 15 7 16 18 4 6 6 13 0 9 0 12 11 10 8 13 5 12 7 4 11 3 6 5 4 11 8 4 17 
13 11 13 0 19 11 17 6 9 10 18 10 2 10 1 13 18 14 10 3 14 6 6 17 12 11 13 16 11 9 13 4 12 6 17 12 10 6 18 11 8 16 2 11 19 15 16 17 10 6 12 16 12 18 5 5 1 18 1 13 19 6 9 11 5 18 3 7 4 13 18 13 2 0 16 1 16 12 10 18 18 3 14 10 1 19 7 15 9 0 8 8 19 17 19 4 16 15 11 12 
0 9 17 2 2 13 15 18 17 6 16 7 1 2 18 14 1 17 9 2 10 17 10 9 7 1 13 15 16 16 19 17 5 17 11 7 2 7 17 12 5 13 19 6 7 9 0 0 7 2 2 9 11 12 18 18 14 3 5 2 19 5 11 16 14 3 16 8 2 5 0 7 11 12 5 18 1 17 19 0 19 1 9 11 6 19 1 0 14 19 14 13 16 6 2 10 1 10 10 3 
15 3 10 6 15 7 5 16 4 16 9 4 17 18 7 3 18 8 15 12 19 10 18 15 8 12 5 9 14 8 12 9 11 14 8 18 1 5 6 5 1 15 1 18 14 8 14 4 9 1 8 8 3 18 4 11 2 1 12 16 1 16 18 12 10 6 2 3 3 9 1 4 4 2 14 10 3 8 14 12 2 15 12 5 5 8 9 8 2 1 16 3 18 6 8 0 12 10 4 7 
19 5 11 16 19 6 6 2 6 1 6 8 8 19 6 13 19 15 13 1 8 10 17 18 16 5 19 1 7 15 8 19 12 12 15 11 18 1 14 16 14 12 5 14 11 3 8 3 18 13 4 18 3 13 17 12 10 8 5 18 3 5 9 15 17 16 18 15 9 12 12 16 5 9 10 8 12 10 3 2 4 0 12 19 13 9 11 4 9 8 14 12 14 3 19 11 11 18 19 0 
2 3 16 19 4 7 0 8 9 3 10 13 3 14 13 9 16 16 13 5 17 7 10 11 2 9 14 5 19 5 5 2 0 14 13 4 13 13 12 2 17 14 16 12 9 1 1 5 9 6 10 6 5 0 9 19 2 4 4 1 1 2 15 2 16 9 6 9 2 19 3 11 5 11 16 14 12 17 19 14 16 10 12 1 2 2 1 4 18 5 18 19 7 13 13 3 2 0 4 17 
11 8 8 16 11 4 3 4 14 2 10 10 4 2 11 7 4 4 3 14 10 1 14 9 7 19 5 9 19 9 6 2 9 7 11 1 3 14 17 17 16 19 19 1 1 3 0 18 7 15 12 9 17 18 19 4 18 4 5 9 5 4 12 7 11 15 0 14 9 9 4 17 8 3 10 1 18 10 19 6 6 4 15 15 2 6 11 12 10 16 2 8 0 6 15 3 13 7 10 2 
16 14 11 16 9 2 17 8 4 17 6 2 13 13 17 7 0 0 0 2 17 14 10 9 12 17 5 5 4 15 19 12 9 10 8 10 12 6 10 17 15 16 19 8 10 9 15 2 9 7 4 18 13 15 0 5 4 5 2 1 12 1 13 13 12 2 3 16 0 14 5 7 2 17 15 12 6 2 6 7 2 11 18 15 18 18 1 2 15 3 3 7 17 9 12 1 3 15 17 3 
1 3 10 4 12 17 8 18 11 15 17 13 6 15 9 16 5 2 10 0 17 6 19 14 15 11 7 18 19 5 13 0 0 3 16 12 0 5 2 3 12 11 17 10 7 18 6 12 12 16 5 1 2 16 8 9 8 15 7 19 0 0 11 12 15 8 16 7 5 10 11 17 2 0 19 1 18 5 13 2 13 10 3 8 7 11 17 7 19 17 6 11 17 9 4 13 17 12 0 2 
3 3 11 5 3 10 6 13 7 11 15 13 14 11 1 1 14 10 0 13 7 18 5 5 7 9 10 17 1 2 11 16 6 3 1 1 5 19 15 5 11 10 10 5 13 11 18 8 13 18 1 1 8 6 18 15 7 8 12 1 2 4 17 8 19 19 2 16 18 17 13 1 19 3 6 13 6 16 1 0 14 2 13 14 1 11 10 8 11 14 9 13 10 7 14 1 18 16 10 8 
13 3 10 4 19 8 17 17 5 10 9 11 5 2 6 6 13 8 6 4 2 8 10 5 7 4 18 5 12 8 13 17 4 15 1 3 4 11 12 1 13 2 12 18 4 18 16 10 18 15 6 1 3 16 18 2 12 16 7 4 5 12 13 9 0 7 4 4 18 16 5 11 18 9 2 15 8 10 5 6 5 11 19 0 8 9 2 12 6 1 9 3 14 2 4 14 9 0 10 19 
8 7 3 19 16 17 14 4 7 19 3 13 2 14 5 2 16 8 15 14 9 4 17 15 18 13 9 0 13 11 11 1 18 14 12 15 11 6 11 19 17 6 4 0 13 9 2 9 9 9 3 19 5 12 14 16 5 16 16 10 7 7 11 6 14 16 13 5 2 4 16 0 11 12 12 16 14 6 5 3 16 8 2 13 0 9 9 17 5 5 7 4 5 10 2 19 6 15 4 9 
12 13 1 15 5 13 11 19 11 16 15 7 16 17 1 8 18 10 5 15 8 4 0 13 14 14 12 1 10 8 2 14 13 15 9 19 0 0 10 11 8 5 19 4 15 12 4 5 14 1 1 2 5 1 7 19 7 19 12 17 0 6 11 13 1 12 4 1 12 7 13 12 4 4 8 11 8 12 17 2 13 18 17 18 11 4 10 18 16 2 8 16 1 19 1 2 4 6 16 8 
5 1 1 9 17 9 1 5 2 18 7 15 8 16 6 19 1 16 17 17 10 5 5 3 17 6 6 1 4 14 1 9 15 2 11 12 12 12 17 6 2 16 13 10 13 19 1 6 7 18 3 10 16 0 13 5 6 11 18 11 5 19 12 12 2 3 4 6 7 13 12 1 2 5 3 7 17 4 13 16 15 8 6 3 0 12 8 6 15 6 9 1 17 2 13 19 17 10 5 17 
15 9 18 9 7 14 16 4 10 1 12 5 1 19 0 1 3 8 0 18 6 9 11 4 3 17 15 13 7 13 10 14 2 0 4 9 14 12 5 5 6 18 2 7 9 3 1 4 3 1 2 2 2 14 18 6 11 13 19 10 6 1 16 1 1 12 2 8 5 0 13 11 18 7 10 19 10 3 3 6 4 17 8 19 3 6 5 6 11 16 16 10 9 5 11 10 17 5 18 14 
5 3 17 15 11 8 14 13 11 9 19 8 7 19 7 10 17 4 17 9 0 5 19 9 10 2 11 0 7 2 14 13 5 12 8 8 12 3 2 15 4 13 3 11 13 10 2 10 6 11 19 6 16 10 7 19 12 11 11 0 13 5 5 10 9 13 11 1 8 13 9 13 6 12 4 11 15 18 2 1 9 13 0 18 16 19 17 8 10 8 0 15 5 5 18 7 19 9 0 19 
14 9 12 0 2 9 4 17 19 18 10 9 3 10 19 19 10 8 0 12 16 0 8 13 6 18 0 17 7 1 8 1 10 13 13 4 2 9 13 13 7 4 14 11 14 13 2 16 1 2 9 9 3 9 3 1 7 15 10 6 16 18 19 19 11 4 15 5 14 9 19 13 5 13 4 11 19 7 8 0 1 9 10 4 18 13 17 17 0 7 15 9 18 14 0 9 10 15 7 4 
16 18 18 1 11 14 13 10 13 1 3 15 10 13 11 0 18 9 9 18 16 4 19 14 10 19 16 0 15 15 5 11 13 15 13 16 9 6 19 3 19 2 10 1 7 1 13 5 10 2 15 19 6 15 5 8 14 13 8 1 8 13 13 1 0 18 18 10 16 17 5 7 11 7 8 18 8 1 15 11 15 10 2 13 17 7 1 12 13 9 5 1 15 18 3 7 8 13 17 4 
2 14 11 13 13 11 11 14 4 6 5 11 8 19 4 6 18 17 10 11 7 15 13 14 6 8 1 14 1 11 11 3 17 14 8 11 18 11 5 2 17 2 14 17 1 10 3 19 8 5 11 15 1 16 1 7 4 14 13 17 5 16 12 15 11 0 6 9 11 3 3 0 5 17 17 18 8 13 17 16 18 0 3 11 8 16 10 12 10 16 1 8 12 13 3 3 13 1 4 16 
16 8 16 1 5 6 11 5 11 8 13 1 1 8 5 1 4 15 14 7 11 7 7 4 1 2 19 6 3 4 3 19 12 11 12 9 9 3 7 12 3 0 14 16 9 19 18 5 6 4 4 10 11 3 6 12 5 5 19 0 1 14 11 13 5 3 15 7 18 2 19 14 14 13 10 15 4 0 13 3 4 17 13 8 1 19 0 6 16 11 19 10 17 10 3 15 6 10 2 4 
12 1 18 19 7 1 14 3 1 7 6 18 5 11 6 18 2 18 16 11 2 15 1 19 6 16 6 4 7 8 8 11 2 19 10 1 12 5 4 5 4 3 3 9 6 1 19 9 12 8 0 14 3 1 5 1 9 12 5 16 12 6 0 6 17 2 7 1 7 4 6 4 7 2 13 13 3 5 14 15 13 6 1 8 19 7 10 9 11 7 17 15 5 17 2 2 0 9 3 19 
5 2 3 12 4 9 18 19 14 4 15 19 11 8 7 10 7 9 11 18 17 9 6 14 6 8 17 18 9 12 18 15 14 13 19 10 2 9 10 8 14 17 19 5 5 7 7 5 8 19 15 5 8 1 12 6 9 9 5 11 13 15 6 0 8 17 2 3 7 12 3 1 1 3 18 19 2 5 4 10 16 19 8 4 1 0 11 2 1 8 13 14 3 11 6 11 9 9 6 8 
13 10 9 15 13 7 14 7 4 18 17 1 9 5 17 10 5 0 13 6 8 18 13 11 10 11 15 11 0 1 19 14 3 0 1 8 19 15 15 3 5 13 16 14 18 14 17 16 6 10 14 15 0 7 18 2 11 13 13 11 7 4 17 10 16 18 11 15 5 6 11 2 11 7 9 2 13 6 18 0 16 12 7 8 12 5 11 3 11 16 6 18 13 16 0 9 6 11 5 12 
10 8 6 1 7 15 3 13 1 1 13 9 6 12 18 10 17 1 5 0 17 11 18 10 19 11 12 6 14 17 18 4 17 16 6 4 12 1 17 13 3 2 15 1 14 13 3 4 6 8 4 3 11 15 6 11 6 18 17 0 7 7 17 4 3 3 8 15 4 6 1 19 8 8 12 15 13 15 19 19 3 3 2 7 10 0 18 16 18 15 9 5 14 6 1 17 1 10 5 17 
8 18 9 8 6 1 3 19 9 14 18 12 18 12 11 8 13 9 17 3 16 6 1 10 4 2 8 5 12 5 14 12 3 3 1 1 17 4 12 6 19 2 10 9 14 2 9 19 11 18 3 8 16 4 10 0 18 10 17 11 15 12 15 10 7 16 3 4 13 15 10 4 17 1 13 12 15 14 3 6 13 18 6 9 2 17 2 1 7 19 4 15 3 11 5 11 8 9 7 1 
16 18 5 14 11 10 18 6 16 1 4 1 0 11 11 14 0 5 7 7 16 3 2 0 15 0 3 15 1 10 16 17 8 13 11 11 15 9 9 11 3 14 13 15 5 16 9 5 1 9 4 17 12 19 9 19 19 12 14 12 3 2 9 3 15 13 7 2 14 16 14 17 10 19 12 7 7 14 4 0 15 9 17 7 8 19 19 19 11 13 11 6 16 12 2 3 5 9 6 0 
5 12 9 16 3 2 3 10 8 8 10 3 9 19 2 9 10 1 0 2 7 3 0 3 15 2 18 13 11 16 13 9 8 2 5 3 16 0 5 16 0 15 11 9 7 14 10 17 7 10 11 14 13 4 9 9 6 0 2 10 16 7 11 17 9 8 0 18 8 6 14 1 13 18 2 0 12 13 10 11 3 13 18 17 17 19 18 4 19 12 6 16 19 17 13 0 5 5 10 5 
11 17 6 17 15 9 9 19 14 19 10 17 13 8 14 10 0 4 6 19 16 4 15 7 13 0 0 10 6 10 16 9 7 14 6 2 15 16 1 9 15 4 7 0 4 13 3 4 10 9 4 6 14 11 6 19 12 6 10 18 16 6 7 16 12 14 10 0 2 4 9 9 8 8 10 4 14 13 9 4 14 5 10 0 16 8 0 8 14 10 18 3 8 18 19 0 4 9 0 6 
5 2 15 13 10 5 18 4 10 19 8 5 4 11 5 12 19 5 13 6 7 11 9 15 9 0 8 5 1 0 11 7 2 7 0 5 4 10 1 7 1 2 12 17 5 9 10 16 7 3 2 14 6 3 2 8 3 2 13 5 2 5 12 17 4 4 14 0 7 15 7 8 9 11 6 14 13 16 11 0 11 5 14 17 1 8 17 4 10 11 1 5 16 13 2 12 10 8 4 17 
15 4 5 5 15 3 11 8 11 14 0 2 0 7 12 1 15 9 17 18 0 19 3 8 4 17 12 6 5 17 3 0 13 1 17 8 4 9 9 16 3 9 10 15 8 14 8 4 4 18 2 16 9 17 17 13 14 1 12 11 10 15 11 3 8 9 4 13 10 13 1 13 14 3 1 3 18 9 19 14 7 13 2 16 10 19 2 16 13 14 7 3 1 10 7 10 11 11 15 1 
16 16 7 2 19 8 17 9 9 8 3 9 1 6 5 3 17 19 11 10 5 18 14 19 9 13 9 0 4 16 14 12 12 1 14 3 1 4 13 10 12 16 19 6 14 17 1 12 8 13 2 14 3 16 5 4 9 14 17 5 2 11 17 14 12 4 9 13 0 14 15 12 11 15 10 5 12 12 9 0 17 12 6 0 8 11 5 10 17 2 7 19 13 5 5 17 1 7 2 1 
1 17 5 4 4 16 2 16 0 11 9 17 3 7 9 4 11 14 6 8 8 13 0 13 18 17 2 11 4 4 4 6 14 10 10 18 18 12 7 18 4 8 7 19 15 16 3 18 11 9 19 19 3 19 5 13 8 7 17 13 12 1 11 18 11 1 16 9 6 15 19 2 3 6 1 11 3 17 9 6 18 0 17 1 19 2 7 0 2 4 13 14 5 16 4 9 9 12 10 15 
8 2 9 3 8 3 14 3 0 16 1 18 16 19 12 8 13 19 8 15 15 13 1 12 9 5 13 18 18 4 6 18 18 7 1 18 10 16 2 10 4 15 1 0 14 13 0 0 4 8 15 11 13 9 3 14 6 9 13 4 5 11 14 3 18 16 1 9 4 15 11 8 11 4 0 17 9 1 17 5 1 5 16 7 14 12 1 0 1 14 17 6 17 11 1 16 19 2 17 3 
18 0 3 9 5 16 18 6 17 16 12 10 1 8 17 7 12 19 19 5 5 8 3 3 12 4 11 11 7 0 7 17 12 2 18 9 18 16 16 15 12 8 18 5 8 15 4 1 6 4 18 12 4 2 7 16 6 10 0 5 2 19 2 14 1 0 4 0 17 0 7 1 8 17 7 8 13 3 9 11 7 0 15 4 2 14 0 8 4 12 14 6 11 8 13 5 9 17 5 18 
17 4 19 17 2 18 5 7 2 7 18 1 7 6 5 1 0 18 1 17 10 7 15 14 16 8 19 17 5 16 15 14 12 6 11 14 5 9 1 7 8 12 8 15 10 6 16 10 4 9 7 6 17 3 12 13 11 11 10 9 19 17 3 12 3 7 18 8 16 0 7 4 4 8 11 14 14 19 16 10 8 16 16 5 19 9 18 2 12 0 3 4 17 7 16 1 6 14 1 2 
6 1 18 2 9 9 8 3 8 5 13 16 1 1 14 12 10 4 6 15 5 10 19 14 9 7 7 15 13 9 9 12 10 7 14 11 16 15 14 16 0 19 4 13 0 18 5 3 3 3 10 0 5 9 14 14 8 2 1 13 3 10 5 13 9 12 4 17 7 10 13 19 1 18 12 13 8 17 16 3 12 6 3 18 7 18 4 7 0 18 1 3 0 18 8 10 10 4 7 9 
6 13 8 7 11 0 0 11 9 9 15 2 15 18 12 15 16 16 14 8 14 7 3 15 6 11 17 8 15 4 18 1 9 6 0 0 7 1 4 8 10 19 10 17 17 2 4 6 11 19 6 17 6 10 4 4 1 1 13 9 18 11 2 7 9 3 0 16 4 4 17 6 3 19 3 12 14 8 10 5 19 17 2 17 7 7 2 8 0 15 9 18 18 12 6 7 7 18 16 3 
2 13 9 17 12 4 1 6 4 12 3 3 9 18 13 8 5 7 8 17 2 18 16 12 2 14 19 9 4 15 4 6 0 13 15 13 9 16 11 14 8 15 9 9 13 14 17 10 1 6 7 3 16 15 7 18 1 7 19 5 14 3 11 15 8 6 0 17 15 11 3 3 6 5 5 11 19 2 1 1 0 1 16 16 16 4 14 18 11 13 3 5 8 7 12 8 5 12 6 0 
4 1 16 2 6 1 14 6 15 7 7 16 8 3 12 17 7 19 7 10 4 2 8 13 1 0 1 7 13 19 19 17 13 7 11 19 0 5 17 16 5 4 4 13 0 16 2 19 7 9 10 12 4 10 5 5 10 18 12 3 10 4 12 3 3 4 2 4 1 0 12 6 16 16 12 16 4 6 8 12 16 18 4 12 8 1 17 10 19 2 6 1 6 18 4 9 14 19 5 8 
11 17 14 7 13 18 16 10 5 4 2 13 14 18 5 14 19 2 4 10 16 10 12 2 1 16 4 7 15 9 15 6 19 2 6 12 0 2 14 17 18 16 2 12 14 7 18 13 2 2 4 18 5 8 13 18 4 9 5 12 10 1 18 9 3 4 14 15 18 8 13 16 5 15 0 11 15 10 17 17 5 13 7 10 1 12 0 5 1 5 17 12 18 8 1 1 4 15 9 3 
4 2 11 1 9 4 12 4 14 1 13 19 14 13 1 15 5 1 1 7 19 10 19 17 18 12 11 15 8 0 10 4 2 13 17 3 17 1 8 4 3 1 15 17 14 17 5 12 10 18 19 9 8 10 7 19 2 18 14 2 10 16 18 4 9 15 7 19 9 15 3 12 9 18 1 15 7 6 7 18 4 18 7 5 8 6 4 11 16 10 13 6 6 12 10 7 19 18 6 8 
5 9 12 14 0 14 2 7 12 1 5 17 0 5 2 8 11 18 11 8 0 5 14 18 9 5 5 8 15 12 9 0 13 1 7 5 15 9 13 8 10 10 17 2 15 11 11 19 9 2 7 1 19 13 19 8 10 4 9 5 8 18 18 2 11 5 7 7 14 12 7 16 15 16 19 2 7 2 1 8 16 0 9 16 14 8 16 4 4 17 2 13 7 0 7 19 5 14 18 11 
19 5 19 14 13 10 16 0 12 10 0 9 10 9 5 16 9 13 1 13 11 15 18 18 7 5 17 4 12 15 15 3 12 6 17 5 17 5 17 9 15 17 18 18 6 15 14 7 1 7 13 12 2 11 2 9 9 0 13 13 7 0 16 12 7 13 17 4 10 15 5 6 12 4 4 11 11 18 10 4 6 3 16 0 7 11 2 8 11 15 1 10 8 17 2 15 2 12 11 12 
7 16 10 11 12 14 14 16 5 5 0 3 0 17 15 19 8 17 7 11 5 8 13 13 5 8 0 7 0 3 12 19 19 2 2 12 9 17 0 6 14 0 9 14 9 4 14 9 14 13 0 19 2 6 4 19 14 4 19 14 7 11 5 18 5 7 2 14 4 2 0 10 3 1 5 12 6 11 2 12 4 14 3 18 0 7 10 6 3 9 12 2 12 17 0 17 5 15 12 1 
17 4 12 0 6 9 5 4 12 19 16 8 13 19 7 6 18 9 12 1 10 17 3 2 14 15 11 11 10 15 13 8 0 17 0 6 18 5 10 10 16 18 18 10 17 17 16 15 6 0 8 16 17 11 10 4 18 2 15 9 17 0 9 9 17 1 15 15 19 17 17 15 15 16 5 4 13 13 11 12 6 19 8 15 2 19 19 1 1 15 2 10 7 3 0 17 4 7 4 3 
17 2 19 12 10 16 9 15 2 0 7 8 0 16 15 2 7 15 15 0 2 9 10 9 12 2 6 17 2 11 12 19 5 11 3 15 0 12 10 2 13 18 2 5 6 9 19 13 4 15 13 18 4 15 8 9 10 6 6 12 9 18 3 14 2 6 1 14 19 12 8 4 2 2 1 0 11 0 13 16 7 18 14 4 13 14 13 15 13 11 7 2 9 2 9 3 9 10 17 0 
14 17 16 8 19 17 8 11 17 13 19 17 11 5 1 17 0 14 12 13 17 12 7 18 14 16 2 15 19 11 15 5 1 3 6 0 0 6 3 10 0 2 7 3 8 8 0 0 14 5 5 11 9 12 9 15 1 3 11 12 7 18 9 8 2 15 0 14 2 4 4 14 6 11 17 6 19 10 6 5 7 3 8 16 16 10 11 9 13 14 1 12 13 10 12 7 18 13 1 12 
17 6 18 15 9 15 2 9 17 0 6 4 16 15 0 12 5 4 13 10 18 14 3 3 16 15 2 6 0 16 18 17 14 8 13 3 4 7 4 1 19 11 18 15 18 18 19 3 14 12 13 13 18 8 8 7 16 11 13 16 19 4 6 13 12 11 16 8 18 1 2 9 4 0 17 2 10 8 5 5 13 10 10 11 11 10 18 7 1 12 15 12 8 1 5 0 12 2 9 2 
15 11 4 19 3 13 1 13 1 18 10 14 8 0 18 11 11 16 10 4 0 6 17 0 19 2 1 12 16 2 6 11 5 10 10 8 3 11 13 17 1 4 3 10 16 1 13 7 10 4 4 2 2 13 3 1 7 16 5 4 10 12 7 15 14 18 15 10 1 8 7 3 12 10 5 9 4 18 8 14 14 4 8 16 17 3 18 17 19 15 1 9 19 0 16 14 10 11 16 4 
12 3 19 4 5 4 5 1 14 6 7 1 10 16 17 8 19 7 5 11 3 18 12 2 18 1 8 1 12 4 5 4 19 4 1 17 0 18 18 6 4 6 7 15 14 5 15 5 12 12 8 7 10 1 10 0 2 10 1 6 15 18 3 14 2 16 11 2 14 10 9 19 8 16 6 14 13 1 19 18 13 0 5 15 1 7 7 15 18 9 13 13 19 16 19 2 4 11 16 19 
13 17 10 13 6 16 7 19 9 18 17 2 18 15 9 11 2 16 6 12 17 0 17 17 8 17 19 13 8 7 4 13 5 14 6 11 2 13 2 11 3 12 5 2 19 14 13 13 10 12 6 8 4 3 17 4 0 16 17 0 15 1 13 12 7 19 15 9 4 18 12 8 2 17 2 1 3 7 14 14 11 12 14 15 8 11 0 0 19 9 1 14 3 14 7 10 6 2 12 2 
12 4 2 14 14 16 7 17 4 14 3 15 18 17 3 6 8 3 7 19 4 8 14 7 14 13 10 12 7 2 7 0 18 9 6 4 6 6 2 2 12 17 17 10 15 12 17 15 7 16 7 12 16 1 19 2 6 9 15 5 3 2 17 2 3 4 18 9 2 12 11 14 10 1 4 5 5 13 12 13 9 19 5 17 12 16 0 10 18 7 16 1 1 13 15 4 9 14 6 11 
6 9 17 16 2 2 13 8 7 18 1 9 17 18 6 2 6 18 12 4 5 0 6 6 14 1 3 15 7 9 7 14 18 16 2 13 18 16 1 18 6 14 7 3 4 5 17 10 4 2 15 1 2 13 0 8 14 3 4 14 4 3 8 14 19 10 7 10 18 8 0 4 14 19 0 18 4 9 1 0 11 16 2 6 9 2 6 15 17 10 9 1 5 9 15 17 12 15 19 2 

Les vecteurs
0 0 0 0 0 0 0 0 0 0 0 0 0 0 0 0 0 0 0 0 0 0 0 0 0 19 19 10 18 11 0 14 0 1 15 4 9 17 10 18 11 16 6 0 19 7 1 16 9 8 13 1 3 4 15 19 3 14 1 13 5 1 8 18 3 3 2 4 12 12 3 15 0 1 15 19 0 8 8 9 8 1 2 12 18 18 3 1 4 16 7 10 17 15 0 12 10 2 17 14 
0 0 0 0 0 0 12 9 6 5 16 18 5 16 6 7 4 19 1 8 17 19 11 11 16 19 18 18 9 5 18 13 15 0 10 1 6 14 10 4 11 18 2 9 14 0 16 18 0 17 7 9 9 10 12 17 2 10 15 11 7 13 4 2 13 7 3 11 13 5 15 5 15 10 14 9 10 2 0 2 11 19 4 12 1 16 9 3 19 4 6 6 9 11 1 14 18 16 5 3 
0 0 0 0 0 0 0 0 0 0 0 0 0 0 0 0 0 0 0 0 0 0 0 0 0 0 0 0 0 0 0 0 13 8 9 3 14 11 5 8 3 0 12 2 4 4 15 0 6 11 19 2 17 18 12 0 19 6 10 15 4 14 9 9 2 19 4 9 10 9 9 13 1 1 7 5 18 2 18 4 5 9 18 3 7 10 15 6 9 6 2 5 0 11 14 14 2 18 15 12 
0 0 0 0 0 0 0 0 0 0 0 0 0 0 0 0 0 0 0 0 0 0 0 0 0 0 0 0 0 0 0 0 0 0 0 0 0 0 0 0 0 0 0 0 0 0 0 0 0 5 17 1 6 4 6 16 19 4 0 16 6 19 11 13 1 7 0 2 13 14 7 5 17 1 11 0 11 7 12 11 12 2 12 10 6 10 7 17 7 19 14 13 10 5 18 4 12 18 6 17 
0 0 0 0 0 0 0 0 0 0 0 0 0 0 0 0 0 0 0 0 0 0 0 0 0 0 0 0 0 0 0 0 0 0 0 0 0 0 0 0 0 0 0 0 14 2 2 7 6 2 19 13 6 2 17 8 6 19 15 8 6 4 15 18 18 0 8 16 19 12 0 9 11 18 6 17 12 8 4 18 10 15 3 8 9 0 17 15 0 4 4 18 8 11 16 19 4 17 15 15 
0 0 0 0 0 0 0 0 0 0 0 7 16 12 5 2 9 10 10 6 0 12 1 4 1 3 16 10 18 8 14 14 7 2 18 15 13 2 12 0 9 14 8 5 6 5 8 8 15 10 14 8 15 7 4 16 10 0 18 1 1 12 7 8 6 5 3 0 19 8 0 8 2 8 6 0 6 14 8 13 16 14 1 11 2 5 19 4 18 17 5 19 9 13 19 16 10 14 8 10 
0 0 0 0 0 0 0 0 0 0 0 0 0 0 0 0 0 0 0 0 0 0 0 10 4 1 16 17 7 2 17 0 19 12 2 10 6 19 2 2 9 19 0 8 1 5 19 17 15 14 17 17 16 17 8 13 18 16 10 5 19 7 6 18 11 0 0 9 11 2 12 1 2 4 1 3 9 1 12 4 15 9 14 3 18 2 16 17 18 6 2 9 6 0 7 9 12 8 19 4 
0 0 3 17 4 7 10 19 8 11 3 4 18 12 18 14 11 12 10 0 3 9 14 12 15 15 0 16 19 0 7 15 14 2 12 11 1 15 10 9 18 14 14 17 18 4 11 1 17 13 13 0 2 8 4 9 15 4 6 14 16 5 10 11 8 14 14 9 9 4 11 8 10 17 17 1 1 0 14 10 13 8 10 8 8 15 17 3 11 15 17 0 1 19 3 1 14 17 2 15 
0 0 0 0 0 0 0 0 0 0 0 0 0 13 3 16 2 12 17 4 12 3 14 18 3 17 6 11 4 15 14 7 11 4 19 4 15 2 5 9 11 19 17 5 13 12 1 7 5 10 11 9 13 18 7 17 15 5 0 11 1 7 18 4 11 18 8 18 12 5 0 4 4 17 1 9 9 2 17 6 4 0 16 9 18 3 6 5 1 19 8 2 6 7 6 9 17 6 7 1 
0 0 0 0 0 0 0 0 0 0 0 0 0 0 0 0 0 0 0 0 0 0 0 0 0 0 0 0 0 0 0 0 0 0 0 0 0 0 0 0 0 0 0 7 17 19 16 18 1 6 12 10 12 16 10 8 6 1 4 4 18 17 15 7 19 1 6 17 2 15 15 10 16 10 9 6 9 6 4 10 4 9 12 16 5 15 17 3 8 13 0 6 10 15 5 1 9 3 10 11 
Les résultats
6741 6703 7703 6563 6343 6106 6859 5711 7183 6834 6642 6580 5798 6664 6741 6185 5982 6904 7535 6180 6313 6197 5702 6310 7493 6033 6912 7151 6860 7212 6449 6639 6524 7459 5965 6049 6937 5589 5889 6093 5836 6313 6495 6757 7209 6393 6516 6177 7529 6911 5367 7335 6292 6553 6310 6654 6502 6041 6173 6554 6023 6419 6421 6405 6914 6392 5910 5446 6294 6722 6417 6100 6393 6702 5466 4985 6401 6055 6944 6763 6201 6363 7005 5985 6548 5593 6619 6513 6743 6537 5538 6835 5777 5910 6326 6039 6325 6639 5982 5791 
8923 8118 9530 9503 8282 8727 8981 8768 10349 9356 8818 8783 7963 8792 8092 8299 7790 8493 9487 8523 9214 7996 7681 8956 8587 8171 8934 9672 9157 8385 8493 8410 8343 9290 8431 8638 8781 8475 8233 8750 7721 9088 9216 9447 9044 8792 8647 8040 10211 8667 8130 9555 7852 8120 8446 9444 9679 7818 9187 8278 8640 8565 8779 8686 9160 8835 8364 7483 9435 9541 8384 9112 8957 8535 7966 7212 8558 9116 8603 9079 8039 9383 8384 9209 8523 8640 8995 9929 8698 8750 8350 9841 8615 8790 8830 7931 8257 9103 9008 8370 
5337 5792 6929 5753 5738 6485 5207 5008 6052 6005 5310 5480 4406 4959 5158 6289 4943 5685 6116 5232 5085 5765 5075 5344 6442 6240 5073 6340 5768 5809 5452 5638 5957 6123 5022 5988 6325 6249 5253 4915 4942 5940 5840 6226 5565 5792 5867 5112 6515 4818 4563 6340 4716 6301 5245 5435 5502 5334 5339 5449 5687 4820 5586 5641 5957 5313 5305 4327 5211 6039 5615 5650 6115 5663 5336 4472 6088 5116 5811 5280 5168 5822 5510 4783 5518 4835 4967 5948 6087 5828 4952 6017 5658 4997 5803 5345 6080 5057 5563 5569 
4683 4879 5377 4452 4532 4764 4120 4186 4508 5014 4120 4678 3806 4615 4945 4491 3878 4631 4985 4214 4161 4818 3800 4478 4377 4960 4577 5074 4901 4854 4467 4807 4863 4493 4308 5081 5329 5325 4019 3939 4053 4102 4116 5104 4910 4535 4875 4132 5265 4279 3938 4877 4180 4739 3553 4491 4941 4161 3991 4386 4561 4257 4908 4576 4567 4620 4179 3760 3923 4524 4265 4650 4922 4896 4586 3892 4886 3894 4358 4199 4654 4491 4299 4076 4099 3863 4168 4910 4879 4256 3724 4351 4650 4731 4432 4591 5219 3519 4212 4224 
5611 5679 6435 4989 6139 5529 5262 5164 6220 5676 4699 5564 4247 5558 5659 5407 5195 5497 6056 4983 5234 5340 4215 5365 5179 6020 5213 6184 5775 5822 5581 6015 5141 5280 5170 5598 5763 5935 4492 5539 4926 5559 4938 6528 5292 5482 5554 4718 5747 4784 4318 5967 4975 4892 4708 4988 5590 5026 5488 5197 5189 5050 5807 5848 5483 5495 4957 4577 4649 5874 5649 5306 5466 5589 4404 4786 5201 5322 5763 4832 4624 5379 4712 5390 5183 5173 5522 6373 5929 4897 4916 6155 4997 4926 5284 5642 5831 5203 5185 5503 
7595 7820 8495 7358 7439 7864 7895 7508 7752 7712 7293 8110 6847 6978 7045 6848 7053 7485 8712 7194 7668 7352 5532 7889 7309 7734 7996 8013 8085 7430 7138 8129 7579 7683 7616 7886 8273 7887 7165 6841 7009 8515 7374 8265 7651 7818 7626 6982 8279 7459 6862 8501 7469 7094 6663 7582 7735 6484 7112 7410 7688 6633 8079 6401 7995 7673 7051 6268 7778 7704 7551 7779 7529 7733 6571 6273 7512 7413 7312 7448 7189 7746 7094 7633 7436 7366 7204 8051 7865 7805 6793 8468 7317 7033 7701 7182 7807 7169 7422 7326 
6299 6701 7448 6571 6686 7157 6611 6403 7496 7198 6768 6864 6126 6222 6459 6767 6064 7094 7688 6569 6314 6150 5419 7246 7026 6847 6732 7063 6996 6018 7031 6579 6521 7196 6445 7232 7608 6936 5895 6492 5714 6544 7018 7606 6786 7680 7082 6576 8047 6491 5766 7357 5477 6952 6613 6729 6800 6491 6544 6232 6293 5804 6750 6722 6914 6953 5857 5599 6432 7389 6412 6270 7319 7401 6255 5356 6679 6471 7487 6707 5723 7684 6013 6822 7126 6603 6357 6994 6915 6575 6111 7295 7792 5699 7297 6656 6740 6661 6618 7032 
9438 8846 9691 9141 9097 10072 9101 8944 10068 9003 9262 8851 9083 8998 8477 9052 8371 9165 9948 9099 9715 8727 7334 9656 10139 8860 9486 9659 10182 9840 8847 8794 9126 10193 8647 9584 9934 9287 9440 8826 8647 9807 8848 9670 9032 9426 8567 8549 10119 9305 8933 10075 8690 8678 9020 10073 9037 8089 9224 9286 8523 7700 9210 9369 9507 9504 7953 8154 9411 10008 8708 9006 9244 8693 9190 7685 8612 8602 9401 8901 9035 9229 8910 9059 8416 8826 9301 9484 8881 9291 8848 9737 8827 8850 9928 9279 9567 9553 9492 8867 
0 0 0 0 0 0 0 0 0 0 0 0 0 0 0 0 0 0 0 0 0 0 0 0 0 0 0 0 0 0 0 0 0 0 0 0 0 0 0 0 0 0 0 0 0 0 0 0 0 0 0 0 0 0 0 0 0 0 0 0 0 0 0 0 0 0 0 0 0 0 0 0 0 0 0 0 0 0 0 0 0 0 0 0 0 0 0 0 0 0 0 0 0 0 0 0 0 0 0 0 
0 0 0 0 0 0 0 0 0 0 0 0 0 0 0 0 0 0 0 0 0 0 0 0 0 0 0 0 0 0 0 0 0 0 0 0 0 0 0 0 0 0 0 0 0 0 0 0 0 0 0 0 0 0 0 0 0 0 0 0 0 0 0 0 0 0 0 0 0 0 0 0 0 0 0 0 0 0 0 0 0 0 0 0 0 0 0 0 0 0 0 0 0 0 0 0 0 0 0 0 
